Time	     timeIS, timeMS,   timeHS, timeQS,   timeRS,  timeM3QS, timeTRQS, timeOPTRQS
Length: 10 : 2.000000 3.000000 1.000000 2.000000 2.000000 2.000000 2.000000 1.000000 
Length: 15 : 1.000000 4.000000 2.000000 3.000000 3.000000 3.000000 2.000000 2.000000 
Length: 20 : 2.000000 4.000000 2.000000 3.000000 3.000000 3.000000 2.000000 1.000000 
Length: 25 : 2.000000 4.000000 1.000000 2.000000 3.000000 3.000000 2.000000 1.000000 
Length: 30 : 2.000000 6.000000 3.000000 4.000000 4.000000 4.000000 4.000000 3.000000 
Length: 35 : 3.000000 8.000000 4.000000 5.000000 4.000000 4.000000 4.000000 3.000000 
Length: 40 : 4.000000 8.000000 3.000000 4.000000 4.000000 4.000000 4.000000 4.000000 
Length: 45 : 4.000000 8.000000 4.000000 4.000000 5.000000 5.000000 5.000000 4.000000 
Length: 50 : 4.000000 9.000000 4.000000 5.000000 6.000000 5.000000 5.000000 5.000000 
Length: 55 : 6.000000 10.000000 5.000000 6.000000 9.000000 9.000000 9.000000 7.000000 
Length: 60 : 9.000000 16.000000 8.000000 11.000000 12.000000 10.000000 11.000000 8.000000 
Length: 65 : 9.000000 17.000000 10.000000 9.000000 10.000000 9.000000 8.000000 7.000000 
Length: 70 : 8.000000 14.000000 8.000000 10.000000 11.000000 10.000000 9.000000 8.000000 
Length: 75 : 9.000000 15.000000 9.000000 10.000000 11.000000 10.000000 10.000000 9.000000 
Length: 80 : 10.000000 17.000000 9.000000 11.000000 12.000000 11.000000 11.000000 9.000000 
Length: 85 : 11.000000 19.000000 11.000000 12.000000 13.000000 13.000000 13.000000 11.000000 
Length: 90 : 12.000000 20.000000 11.000000 13.000000 16.000000 13.000000 13.000000 11.000000 
Length: 95 : 14.000000 21.000000 13.000000 14.000000 15.000000 14.000000 13.000000 11.000000 
Length: 100 : 14.000000 22.000000 14.000000 14.000000 16.000000 14.000000 14.000000 12.000000 
Length: 105 : 13.000000 19.000000 12.000000 13.000000 14.000000 12.000000 12.000000 10.000000 
Length: 110 : 14.000000 19.000000 14.000000 13.000000 15.000000 13.000000 13.000000 10.000000 
Length: 115 : 15.000000 21.000000 14.000000 14.000000 15.000000 14.000000 13.000000 11.000000 
Length: 120 : 16.000000 21.000000 15.000000 14.000000 16.000000 14.000000 14.000000 14.000000 
Length: 125 : 17.000000 23.000000 16.000000 15.000000 17.000000 15.000000 15.000000 12.000000 
Length: 130 : 18.000000 23.000000 18.000000 16.000000 18.000000 16.000000 16.000000 13.000000 
Length: 135 : 20.000000 25.000000 19.000000 17.000000 18.000000 17.000000 16.000000 14.000000 
Length: 140 : 21.000000 26.000000 21.000000 18.000000 18.000000 15.000000 15.000000 12.000000 
Length: 145 : 19.000000 23.000000 19.000000 16.000000 17.000000 15.000000 15.000000 13.000000 
Length: 150 : 20.000000 24.000000 20.000000 16.000000 17.000000 16.000000 16.000000 13.000000 
Length: 155 : 21.000000 25.000000 21.000000 17.000000 18.000000 16.000000 16.000000 13.000000 
Length: 160 : 22.000000 25.000000 22.000000 18.000000 19.000000 17.000000 17.000000 15.000000 
Length: 165 : 24.000000 26.000000 24.000000 18.000000 19.000000 18.000000 17.000000 15.000000 
Length: 170 : 25.000000 25.000000 22.000000 16.000000 18.000000 16.000000 16.000000 12.000000 
Length: 175 : 22.000000 25.000000 22.000000 17.000000 18.000000 16.000000 16.000000 13.000000 
Length: 180 : 24.000000 26.000000 24.000000 17.000000 19.000000 17.000000 17.000000 14.000000 
Length: 185 : 26.000000 27.000000 26.000000 18.000000 19.000000 20.000000 18.000000 15.000000 
Length: 190 : 27.000000 27.000000 26.000000 18.000000 20.000000 18.000000 18.000000 15.000000 
Length: 195 : 28.000000 28.000000 25.000000 17.000000 18.000000 17.000000 16.000000 14.000000 
Length: 200 : 26.000000 25.000000 25.000000 17.000000 18.000000 17.000000 17.000000 14.000000 
Length: 205 : 27.000000 26.000000 26.000000 17.000000 19.000000 17.000000 17.000000 15.000000 
Length: 210 : 29.000000 27.000000 26.000000 18.000000 20.000000 19.000000 18.000000 15.000000 
Length: 215 : 30.000000 27.000000 27.000000 18.000000 20.000000 18.000000 18.000000 15.000000 
Length: 220 : 32.000000 28.000000 26.000000 17.000000 19.000000 17.000000 16.000000 14.000000 
Length: 225 : 30.000000 25.000000 26.000000 17.000000 19.000000 17.000000 17.000000 14.000000 
Length: 230 : 30.000000 27.000000 26.000000 18.000000 20.000000 18.000000 17.000000 14.000000 
Length: 235 : 31.000000 28.000000 27.000000 18.000000 19.000000 18.000000 18.000000 15.000000 
Length: 240 : 32.000000 28.000000 25.000000 17.000000 19.000000 17.000000 17.000000 14.000000 
Length: 245 : 31.000000 26.000000 25.000000 18.000000 19.000000 18.000000 18.000000 15.000000 
Length: 250 : 32.000000 27.000000 27.000000 18.000000 19.000000 18.000000 18.000000 15.000000 
Length: 255 : 33.000000 27.000000 27.000000 18.000000 20.000000 18.000000 18.000000 15.000000 
Length: 260 : 34.000000 27.000000 25.000000 18.000000 19.000000 17.000000 17.000000 15.000000 
Length: 265 : 32.000000 26.000000 26.000000 18.000000 19.000000 17.000000 17.000000 15.000000 
Length: 270 : 33.000000 27.000000 27.000000 18.000000 20.000000 18.000000 18.000000 15.000000 
Length: 275 : 35.000000 27.000000 27.000000 18.000000 20.000000 19.000000 18.000000 15.000000 
Length: 280 : 36.000000 26.000000 26.000000 18.000000 19.000000 18.000000 17.000000 14.000000 
Length: 285 : 36.000000 27.000000 26.000000 18.000000 19.000000 18.000000 17.000000 15.000000 
Length: 290 : 36.000000 27.000000 27.000000 19.000000 20.000000 18.000000 18.000000 15.000000 
Length: 295 : 37.000000 28.000000 27.000000 19.000000 20.000000 19.000000 18.000000 16.000000 
Length: 300 : 40.000000 29.000000 28.000000 19.000000 21.000000 19.000000 17.000000 15.000000 
Length: 305 : 38.000000 27.000000 26.000000 18.000000 19.000000 18.000000 18.000000 15.000000 
Length: 310 : 40.000000 27.000000 27.000000 18.000000 20.000000 18.000000 18.000000 16.000000 
Length: 315 : 40.000000 28.000000 27.000000 19.000000 20.000000 19.000000 19.000000 16.000000 
Length: 320 : 42.000000 29.000000 28.000000 19.000000 21.000000 19.000000 19.000000 16.000000 
Length: 325 : 44.000000 30.000000 29.000000 19.000000 21.000000 20.000000 19.000000 17.000000 
Length: 330 : 45.000000 29.000000 28.000000 19.000000 21.000000 19.000000 18.000000 16.000000 
Length: 335 : 43.000000 29.000000 29.000000 19.000000 20.000000 20.000000 19.000000 16.000000 
Length: 340 : 44.000000 30.000000 30.000000 21.000000 22.000000 20.000000 20.000000 17.000000 
Length: 345 : 47.000000 31.000000 31.000000 21.000000 23.000000 21.000000 20.000000 17.000000 
Length: 350 : 47.000000 31.000000 30.000000 20.000000 22.000000 20.000000 19.000000 17.000000 
Length: 355 : 48.000000 32.000000 30.000000 21.000000 22.000000 20.000000 20.000000 17.000000 
Length: 360 : 49.000000 31.000000 31.000000 21.000000 23.000000 20.000000 21.000000 17.000000 
Length: 365 : 51.000000 31.000000 31.000000 22.000000 23.000000 21.000000 20.000000 18.000000 
Length: 370 : 51.000000 31.000000 31.000000 21.000000 23.000000 21.000000 21.000000 18.000000 
Length: 375 : 56.000000 34.000000 34.000000 23.000000 24.000000 23.000000 21.000000 18.000000 
Length: 380 : 54.000000 32.000000 32.000000 22.000000 23.000000 21.000000 21.000000 18.000000 
Length: 385 : 56.000000 33.000000 32.000000 23.000000 24.000000 22.000000 21.000000 19.000000 
Length: 390 : 57.000000 33.000000 33.000000 22.000000 24.000000 22.000000 22.000000 19.000000 
Length: 395 : 59.000000 33.000000 34.000000 24.000000 25.000000 23.000000 22.000000 20.000000 
Length: 400 : 60.000000 35.000000 34.000000 23.000000 25.000000 22.000000 23.000000 20.000000 
Length: 405 : 61.000000 35.000000 35.000000 25.000000 27.000000 25.000000 24.000000 21.000000 
Length: 410 : 65.000000 36.000000 35.000000 25.000000 26.000000 24.000000 23.000000 22.000000 
Length: 415 : 64.000000 35.000000 35.000000 24.000000 26.000000 24.000000 24.000000 20.000000 
Length: 420 : 65.000000 36.000000 36.000000 24.000000 26.000000 24.000000 25.000000 21.000000 
Length: 425 : 67.000000 37.000000 37.000000 25.000000 26.000000 25.000000 24.000000 21.000000 
Length: 430 : 68.000000 37.000000 37.000000 25.000000 27.000000 25.000000 26.000000 23.000000 
Length: 435 : 74.000000 40.000000 40.000000 26.000000 27.000000 26.000000 26.000000 21.000000 
Length: 440 : 71.000000 38.000000 39.000000 26.000000 28.000000 26.000000 26.000000 22.000000 
Length: 445 : 73.000000 39.000000 38.000000 26.000000 28.000000 27.000000 26.000000 22.000000 
Length: 450 : 74.000000 39.000000 39.000000 26.000000 28.000000 26.000000 27.000000 22.000000 
Length: 455 : 76.000000 40.000000 39.000000 26.000000 29.000000 27.000000 26.000000 23.000000 
Length: 460 : 78.000000 40.000000 39.000000 27.000000 29.000000 27.000000 27.000000 23.000000 
Length: 465 : 79.000000 41.000000 42.000000 30.000000 32.000000 28.000000 28.000000 25.000000 
Length: 470 : 81.000000 42.000000 42.000000 28.000000 30.000000 28.000000 28.000000 24.000000 
Length: 475 : 82.000000 42.000000 41.000000 28.000000 31.000000 28.000000 27.000000 24.000000 
Length: 480 : 84.000000 43.000000 43.000000 29.000000 31.000000 29.000000 28.000000 24.000000 
Length: 485 : 85.000000 43.000000 42.000000 29.000000 31.000000 31.000000 30.000000 26.000000 
Length: 490 : 92.000000 44.000000 44.000000 30.000000 31.000000 30.000000 29.000000 25.000000 
Length: 495 : 89.000000 44.000000 43.000000 30.000000 32.000000 30.000000 29.000000 25.000000 
Length: 500 : 91.000000 44.000000 44.000000 30.000000 33.000000 31.000000 29.000000 25.000000 
Length: 505 : 92.000000 45.000000 44.000000 30.000000 33.000000 30.000000 30.000000 26.000000 
Length: 510 : 100.000000 48.000000 48.000000 31.000000 36.000000 31.000000 30.000000 25.000000 
Length: 515 : 97.000000 45.000000 45.000000 31.000000 33.000000 31.000000 30.000000 26.000000 
Length: 520 : 97.000000 48.000000 46.000000 32.000000 34.000000 31.000000 31.000000 26.000000 
Length: 525 : 99.000000 47.000000 46.000000 31.000000 34.000000 31.000000 30.000000 27.000000 
Length: 530 : 101.000000 49.000000 47.000000 32.000000 35.000000 32.000000 31.000000 27.000000 
Length: 535 : 110.000000 50.000000 49.000000 32.000000 34.000000 32.000000 31.000000 27.000000 
Length: 540 : 105.000000 50.000000 48.000000 33.000000 36.000000 32.000000 32.000000 27.000000 
Length: 545 : 107.000000 49.000000 49.000000 33.000000 35.000000 33.000000 32.000000 28.000000 
Length: 550 : 110.000000 51.000000 49.000000 34.000000 37.000000 34.000000 35.000000 31.000000 
Length: 555 : 118.000000 52.000000 49.000000 34.000000 36.000000 33.000000 33.000000 29.000000 
Length: 560 : 116.000000 52.000000 51.000000 34.000000 37.000000 34.000000 34.000000 29.000000 
Length: 565 : 115.000000 51.000000 50.000000 34.000000 37.000000 34.000000 33.000000 29.000000 
Length: 570 : 116.000000 52.000000 51.000000 35.000000 40.000000 37.000000 35.000000 32.000000 
Length: 575 : 120.000000 52.000000 51.000000 36.000000 38.000000 35.000000 35.000000 30.000000 
Length: 580 : 122.000000 53.000000 52.000000 36.000000 38.000000 35.000000 35.000000 30.000000 
Length: 585 : 123.000000 54.000000 52.000000 37.000000 38.000000 36.000000 36.000000 31.000000 
Length: 590 : 132.000000 57.000000 53.000000 36.000000 39.000000 36.000000 35.000000 31.000000 
Length: 595 : 128.000000 56.000000 54.000000 36.000000 39.000000 36.000000 36.000000 32.000000 
Length: 600 : 129.000000 55.000000 54.000000 37.000000 40.000000 36.000000 36.000000 32.000000 
Length: 605 : 130.000000 57.000000 55.000000 38.000000 40.000000 37.000000 37.000000 33.000000 
Length: 610 : 142.000000 59.000000 55.000000 39.000000 40.000000 38.000000 37.000000 32.000000 
Length: 615 : 137.000000 56.000000 55.000000 38.000000 41.000000 37.000000 37.000000 34.000000 
Length: 620 : 138.000000 57.000000 56.000000 39.000000 42.000000 38.000000 38.000000 33.000000 
Length: 625 : 148.000000 60.000000 57.000000 39.000000 41.000000 39.000000 38.000000 33.000000 
Length: 630 : 143.000000 58.000000 57.000000 39.000000 41.000000 38.000000 38.000000 33.000000 
Length: 635 : 146.000000 57.000000 57.000000 39.000000 42.000000 39.000000 38.000000 34.000000 
Length: 640 : 147.000000 63.000000 62.000000 43.000000 43.000000 40.000000 39.000000 34.000000 
Length: 645 : 149.000000 60.000000 59.000000 41.000000 43.000000 40.000000 40.000000 35.000000 
Length: 650 : 153.000000 60.000000 59.000000 41.000000 44.000000 40.000000 39.000000 35.000000 
Length: 655 : 154.000000 61.000000 60.000000 42.000000 44.000000 41.000000 40.000000 37.000000 
Length: 660 : 164.000000 63.000000 60.000000 41.000000 44.000000 40.000000 40.000000 34.000000 
Length: 665 : 161.000000 63.000000 61.000000 42.000000 44.000000 41.000000 41.000000 36.000000 
Length: 670 : 161.000000 63.000000 62.000000 42.000000 46.000000 43.000000 43.000000 41.000000 
Length: 675 : 174.000000 64.000000 62.000000 42.000000 45.000000 42.000000 41.000000 38.000000 
Length: 680 : 165.000000 64.000000 63.000000 43.000000 46.000000 42.000000 42.000000 37.000000 
Length: 685 : 169.000000 65.000000 65.000000 43.000000 46.000000 43.000000 42.000000 40.000000 
Length: 690 : 179.000000 66.000000 65.000000 43.000000 46.000000 43.000000 42.000000 38.000000 
Length: 695 : 174.000000 65.000000 66.000000 44.000000 47.000000 43.000000 43.000000 37.000000 
Length: 700 : 173.000000 66.000000 66.000000 44.000000 47.000000 44.000000 47.000000 41.000000 
Length: 705 : 182.000000 66.000000 66.000000 45.000000 47.000000 44.000000 46.000000 38.000000 
Length: 710 : 177.000000 67.000000 66.000000 44.000000 48.000000 44.000000 44.000000 39.000000 
Length: 715 : 180.000000 67.000000 66.000000 45.000000 48.000000 48.000000 47.000000 41.000000 
Length: 720 : 186.000000 68.000000 67.000000 45.000000 48.000000 45.000000 45.000000 39.000000 
Length: 725 : 188.000000 68.000000 68.000000 46.000000 49.000000 45.000000 45.000000 39.000000 
Length: 730 : 190.000000 69.000000 74.000000 48.000000 51.000000 48.000000 45.000000 40.000000 
Length: 735 : 192.000000 69.000000 69.000000 47.000000 50.000000 47.000000 47.000000 41.000000 
Length: 740 : 193.000000 70.000000 69.000000 48.000000 50.000000 46.000000 47.000000 40.000000 
Length: 745 : 202.000000 74.000000 73.000000 48.000000 50.000000 46.000000 46.000000 41.000000 
Length: 750 : 200.000000 71.000000 70.000000 48.000000 51.000000 48.000000 48.000000 41.000000 
Length: 755 : 202.000000 71.000000 70.000000 48.000000 54.000000 54.000000 50.000000 44.000000 
Length: 760 : 204.000000 71.000000 71.000000 48.000000 52.000000 48.000000 46.000000 42.000000 
Length: 765 : 208.000000 72.000000 71.000000 48.000000 52.000000 50.000000 48.000000 41.000000 
Length: 770 : 224.000000 72.000000 72.000000 50.000000 53.000000 49.000000 49.000000 44.000000 
Length: 775 : 213.000000 73.000000 72.000000 50.000000 53.000000 51.000000 49.000000 43.000000 
Length: 780 : 215.000000 73.000000 73.000000 50.000000 54.000000 49.000000 51.000000 48.000000 
Length: 785 : 224.000000 73.000000 73.000000 51.000000 54.000000 50.000000 49.000000 45.000000 
Length: 790 : 223.000000 74.000000 74.000000 51.000000 54.000000 53.000000 53.000000 46.000000 
Length: 795 : 226.000000 75.000000 74.000000 52.000000 54.000000 50.000000 51.000000 45.000000 
Length: 800 : 227.000000 76.000000 75.000000 51.000000 55.000000 51.000000 50.000000 45.000000 
Length: 805 : 228.000000 76.000000 75.000000 51.000000 56.000000 53.000000 54.000000 48.000000 
Length: 810 : 234.000000 77.000000 77.000000 52.000000 55.000000 52.000000 52.000000 48.000000 
Length: 815 : 241.000000 78.000000 77.000000 52.000000 57.000000 52.000000 53.000000 47.000000 
Length: 820 : 248.000000 78.000000 77.000000 53.000000 56.000000 52.000000 54.000000 45.000000 
Length: 825 : 242.000000 78.000000 77.000000 53.000000 56.000000 53.000000 54.000000 46.000000 
Length: 830 : 245.000000 83.000000 83.000000 55.000000 58.000000 53.000000 55.000000 46.000000 
Length: 835 : 250.000000 79.000000 79.000000 54.000000 57.000000 54.000000 54.000000 47.000000 
Length: 840 : 251.000000 80.000000 83.000000 60.000000 61.000000 55.000000 56.000000 48.000000 
Length: 845 : 254.000000 82.000000 80.000000 55.000000 58.000000 54.000000 55.000000 47.000000 
Length: 850 : 257.000000 82.000000 82.000000 54.000000 58.000000 57.000000 62.000000 50.000000 
Length: 855 : 262.000000 83.000000 82.000000 55.000000 59.000000 56.000000 56.000000 48.000000 
Length: 860 : 264.000000 83.000000 82.000000 55.000000 59.000000 56.000000 59.000000 51.000000 
Length: 865 : 273.000000 83.000000 82.000000 57.000000 60.000000 58.000000 55.000000 49.000000 
Length: 870 : 270.000000 83.000000 83.000000 57.000000 60.000000 57.000000 60.000000 52.000000 
Length: 875 : 276.000000 84.000000 84.000000 58.000000 61.000000 58.000000 57.000000 49.000000 
Length: 880 : 274.000000 85.000000 84.000000 57.000000 60.000000 58.000000 56.000000 51.000000 
Length: 885 : 285.000000 85.000000 84.000000 60.000000 62.000000 58.000000 58.000000 50.000000 
Length: 890 : 276.000000 86.000000 85.000000 58.000000 62.000000 60.000000 57.000000 51.000000 
Length: 895 : 294.000000 86.000000 85.000000 59.000000 62.000000 61.000000 59.000000 51.000000 
Length: 900 : 285.000000 86.000000 86.000000 59.000000 63.000000 60.000000 58.000000 52.000000 
Length: 905 : 299.000000 86.000000 87.000000 59.000000 64.000000 60.000000 58.000000 51.000000 
Length: 910 : 291.000000 87.000000 86.000000 59.000000 64.000000 61.000000 58.000000 51.000000 
Length: 915 : 301.000000 91.000000 88.000000 60.000000 67.000000 60.000000 59.000000 52.000000 
Length: 920 : 297.000000 88.000000 88.000000 60.000000 65.000000 60.000000 60.000000 51.000000 
Length: 925 : 305.000000 93.000000 89.000000 62.000000 67.000000 60.000000 61.000000 52.000000 
Length: 930 : 300.000000 90.000000 89.000000 61.000000 67.000000 61.000000 61.000000 53.000000 
Length: 935 : 315.000000 91.000000 90.000000 61.000000 68.000000 61.000000 61.000000 53.000000 
Length: 940 : 305.000000 92.000000 91.000000 62.000000 67.000000 61.000000 62.000000 53.000000 
Length: 945 : 323.000000 93.000000 92.000000 63.000000 68.000000 62.000000 62.000000 54.000000 
Length: 950 : 312.000000 93.000000 92.000000 63.000000 68.000000 62.000000 63.000000 54.000000 
Length: 955 : 329.000000 93.000000 92.000000 63.000000 68.000000 63.000000 62.000000 55.000000 
Length: 960 : 319.000000 93.000000 92.000000 63.000000 68.000000 66.000000 67.000000 57.000000 
Length: 965 : 325.000000 93.000000 93.000000 64.000000 69.000000 63.000000 63.000000 55.000000 
Length: 970 : 326.000000 94.000000 95.000000 68.000000 73.000000 69.000000 66.000000 57.000000 
Length: 975 : 342.000000 98.000000 97.000000 67.000000 71.000000 67.000000 66.000000 58.000000 
Length: 980 : 345.000000 99.000000 107.000000 73.000000 73.000000 67.000000 66.000000 58.000000 
Length: 985 : 356.000000 100.000000 99.000000 71.000000 73.000000 68.000000 66.000000 59.000000 
Length: 990 : 369.000000 100.000000 99.000000 68.000000 72.000000 68.000000 66.000000 59.000000 
Length: 995 : 359.000000 98.000000 96.000000 68.000000 76.000000 69.000000 68.000000 57.000000 
Length: 1000 : 350.000000 97.000000 97.000000 67.000000 71.000000 66.000000 64.000000 57.000000 
